rcut = 10.0
Ecut = 25
supersampling = 1.4142135623730951

[cutoffs_normal]
Ecut = 25
supersampling = 1.4142135623730951

[cutoffs_high]
Ecut = 25
supersampling = 1.4142135623730951

[cutoffs_low]
Ecut = 17.5
supersampling = 1.4142135623730951
